;;
;; DO NOT EDIT THIS FILE
;;
;; this file is automatically generated from /home/leus/wrs_ws/src/robot_assembler/sample/SAMPLE_HUMANOID.l on (Linux leus-ThinkPad-P50 4.15.0-99-lowlatency x86_64) at 2020-05-13 23:01:32 JST
;;
;; /home/leus/wrs_ws/src/robot_assembler $ ;;

;;
;; copy euscollada-robot class definition from euscollada/src/euscollada-robot.l
;;
(defclass euscollada-robot
;; This euscollada-robot class is for robots converted from collada files.
;; This class provides :init-ending override.
  :super robot-model
  :slots ()
  )
(defmethod euscollada-robot
  (:init-ending
   (&optional (type :urdf))
   (when (eq type :collada)
     ;; fix all links' mass properties ;; root link relative (collada) -> link local (euslisp)
     (dolist (l (append links
                        (mapcan #'(lambda (x) (if (and (derivedp (cdr x) bodyset-link)
                                                       (not (memq (cdr x) links)))
                                                  (list (cdr x)))) (send self :slots))))
       (unless (= (send l :weight) 0.0)
       (setq (l . acentroid) (send l :inverse-transform-vector
                                   (send (send (car links) :worldcoords) :transform-vector
                                         (l . acentroid))))
       (setq (l . inertia-tensor) (m* (transpose (send l :worldrot))
                                      (m* (send (car links) :worldrot)
                                          (l . inertia-tensor))))
       )))
   (send-super :init-ending)
   (send self :make-collision-model-for-links)
   ;;
   (dolist (j (mapcan #'(lambda (x) (if (and (derivedp (cdr x) joint)
                                             (not (memq (cdr x) (send self :joint-list))))
                                        (list (cdr x)))) (send self :slots)))
     (send (send j :child-link) :add-joint j)
     (send (send j :child-link) :add-parent-link (send j :parent-link))
     (send (send j :parent-link) :add-child-links (send j :child-link)))
   )
  (:change-visual
   (&optional (visual :convex))
   (dolist (lk (send self :links))
     (dolist (bd (send lk :bodies))
       (when (derivedp bd collada-body)
         (send bd :change-visual visual)))))
  ;; fullbody-inverse-kinematics overwrite
  ;;  reduce root-link's weight based on leg's joint limit
  ;;  increase stop and cog-gain
  (:fullbody-inverse-kinematics
   (target-coords &rest args &key (stop 250) (cog-gain 2.0) (additional-weight-list) (use-6dof-joint-leg-gain nil) &allow-other-keys)
   (let* ((leg-ul (send self :calc-union-link-list (send self :legs :links))))
     (send self :reset-joint-angle-limit-weight-old leg-ul)
     (send-message* self robot-model :fullbody-inverse-kinematics
                    target-coords
                    :stop stop :cog-gain cog-gain
                    :additional-weight-list
                    (append
                     additional-weight-list
                     (if use-6dof-joint-leg-gain
                         (list
                          (list (car (send self :links))
                                #'(lambda ()
                                    ;; set root-link 6dof-joint's weight based on legs' joint limit
                                    (let* ((min-weight
                                            (reduce #'(lambda (x y) (min x y))
                                                    (coerce (send self :calc-inverse-kinematics-weight-from-link-list
                                                                  leg-ul :union-link-list leg-ul) cons))))
                                      (fill (instantiate float-vector 6) min-weight)))
                                )
                          )))
                    args)
     ))
  ;; make collision model from faces or gl-vertices
  (:make-collision-model-for-links
   (&key (fat 0) (collision-func 'pqp-collision-check) ((:links ls) (send self :links)))
   (dolist (ll ls)
     (let (fs glv usefs)
       (dolist (bd (send ll :bodies))
         (if (derivedp bd collada-body)
             (push (send bd :glvertices) glv)
           (push (send bd :faces) fs)))
       (setq fs (flatten fs))
       (cond
        ((and (not fs) glv) ;; if there is no faces, use glvertices for creating pqpmodel
         (setq usefs (instance gl::glvertices :init nil))
         (send usefs :transform (send ll :worldcoords))
         (send usefs :append-glvertices glv)
         (let ((m (send usefs (read-from-string
                               (format nil ":make-~Amodel"
                                       (string-right-trim "-COLLISION-CHECK" (string collision-func))))
                        :fat fat)))
           (setf (get ll :pqpmodel) m)
           ))
        (fs
         (setq usefs
               (append fs
                       (mapcar #'(lambda (gv) (send gv :convert-to-faces :wrt :world)) glv)))
         (send ll
               (read-from-string
                (format nil ":make-~Amodel"
                        (string-right-trim "-COLLISION-CHECK" (string collision-func))))
               :fat fat
               :faces usefs))
        ))
     ))
  )

;; copy euscollada-body class definition from euscollada/src/euscollada-robot.l
;; This euscollada-body class is for bodies in robot model converted from collada files.
(defclass collada-body
  :super gl::glbody
  :slots (glvertices) ;; glvertices slot for backward compatibility
  )
(defmethod collada-body
  (:init (&key (name) (replace-obj))
    (if replace-obj
        (replace-object self replace-obj)
      (replace-object self (make-cube 10 10 10)))
    (if name (send self :name name))
    (setq glvertices gl::aglvertices)
    self)
  (:change-visual
   (&optional (visual :convex))
   (case visual
     ((list :convex :hull :convex-hull)
      (unless (send self :get :original-mesh)
        (send self :put :original-mesh gl::aglvertices)) ;; store original mesh
      (let* ((org-mesh (send self :get :original-mesh))
             (org-cds (send org-mesh :copy-worldcoords))
             (glv (gl::make-glvertices-from-faces (send self :faces))))
        (send glv :set-offset (send org-cds :inverse-transformation))
        (send glv :transform org-cds)
        (send org-mesh :assoc glv)
        (setq gl::aglvertices glv)
        glv))
     ((list :original :mesh :glvertices :original-mesh)
      (let ((org-mesh (send self :get :original-mesh)))
        (when org-mesh
          (dolist (d (send org-mesh :descendants)) ;; dissoc all discendants
            (send org-mesh :dissoc d))
          (setq gl::aglvertices org-mesh)
          org-mesh)))
     ))
  )
;;
;; end of copy from /opt/ros/kinetic/share/euscollada/src/euscollada-robot.l
;;
(defun SAMPLE_HUMANOID () (setq *SAMPLE_HUMANOID* (instance SAMPLE_HUMANOID-robot :init)))

(defclass SAMPLE_HUMANOID-robot
  :super euscollada-robot
  :slots ( ;; link names
          BASE_lk LINK0_lk LINK1_lk LINK10_lk LINK11_lk LINK12_lk LINK13_lk LINK14_lk LINK15_lk LINK16_lk LINK17_lk LINK18_lk LINK19_lk LINK2_lk LINK20_lk LINK21_lk LINK22_lk LINK23_lk LINK3_lk LINK4_lk LINK5_lk LINK6_lk LINK7_lk LINK8_lk LINK9_lk
         ;; joint names
          JOINT0_jt JOINT1_jt JOINT10_jt JOINT11_jt JOINT12_jt JOINT13_jt JOINT14_jt JOINT15_jt JOINT16_jt JOINT17_jt JOINT18_jt JOINT19_jt JOINT2_jt JOINT20_jt JOINT21_jt JOINT22_jt JOINT23_jt JOINT3_jt JOINT4_jt JOINT5_jt JOINT6_jt JOINT7_jt JOINT8_jt JOINT9_jt
         ;; sensor names
          imu_sensor-sensor-coords rhsensor-sensor-coords lhsensor-sensor-coords head_cam-sensor-coords body_range-sensor-coords
         )
  )
(defmethod SAMPLE_HUMANOID-robot
  (:init
   (&rest args)
   (let ()
     (send-super* :init :name "SAMPLE_HUMANOID" args)

     ;; link: BASE_lk
     (let ((geom-lst (list
                       (send self :_make_instance_BASE_geom0)
                       (send self :_make_instance_BASE_geom1)
                       (send self :_make_instance_BASE_geom2)
                       (send self :_make_instance_BASE_geom3)
                       (send self :_make_instance_BASE_geom4)
                       (send self :_make_instance_BASE_geom5))))
       (dolist (g (cdr geom-lst)) (send (car geom-lst) :assoc g))
       (setq BASE_lk
             (instance bodyset-link
                       :init (make-cascoords)
                       :bodies geom-lst
                       :name "BASE"))
       ;; inertial parameter for BASE_lk
       (let ((tmp-cds (make-coords :pos (float-vector 6.0499999999999998e-01 3.6673169999999996e-15 5.5649999999999995e+00))
                      ))
         (send BASE_lk :weight 620.000)
         (setq (BASE_lk . inertia-tensor)
               (m* (m* (send tmp-cds :worldrot) (matrix
                                                  (float-vector 1.0990000000000000e+06 -4.7748470000000005e-11 -8.9758059999999987e+03)
                                                  (float-vector -4.7748470000000005e-11 6.2100000000000000e+05 2.1827869999999999e-10)
                                                  (float-vector -8.9758059999999987e+03 2.1827869999999999e-10 7.1200000000000000e+05))
                 ) (transpose (send tmp-cds :worldrot))))
         (setq (BASE_lk . acentroid) (copy-seq (send tmp-cds :worldpos)))
         )
       ;; global coordinates for BASE_lk
       (let ((world-cds (make-coords :pos (float-vector 0.0000000000000000e+00 0.0000000000000000e+00 0.0000000000000000e+00))
                        ))
         (send BASE_lk :transform world-cds))
       )

     ;; link: LINK0_lk
     (let ((geom-lst (list
                       (send self :_make_instance_LINK0_geom0))))
       (dolist (g (cdr geom-lst)) (send (car geom-lst) :assoc g))
       (setq LINK0_lk
             (instance bodyset-link
                       :init (make-cascoords)
                       :bodies geom-lst
                       :name "LINK0"))
       ;; inertial parameter for LINK0_lk
       (let ((tmp-cds (make-coords :pos (float-vector -6.8955660000000001e-15 1.0658139999999999e-14 6.5500000000000007e+00))
                      ))
         (send LINK0_lk :weight 15.000)
         (setq (LINK0_lk . inertia-tensor)
               (m* (m* (send tmp-cds :worldrot) (matrix
                                                  (float-vector 3.1597629999999999e+03 -2.3120389999999997e-12 -5.7223170000000005e-14)
                                                  (float-vector -2.3120389999999997e-12 1.9697629999999997e+03 1.5628550000000000e-12)
                                                  (float-vector -5.7223170000000005e-14 1.5628550000000000e-12 3.0125000000000000e+03))
                 ) (transpose (send tmp-cds :worldrot))))
         (setq (LINK0_lk . acentroid) (copy-seq (send tmp-cds :worldpos)))
         )
       ;; global coordinates for LINK0_lk
       (let ((world-cds (make-coords :pos (float-vector 1.5750000000000000e+01 0.0000000000000000e+00 4.7000000000000000e+01)
                                   :rot (quaternion2matrix (float-vector 7.0710678005337235e-01 0.0000000000000000e+00 0.0000000000000000e+00 -7.0710678231972268e-01)))
                        ))
         (send LINK0_lk :transform world-cds))
       )

     ;; link: LINK1_lk
     (let ((geom-lst (list
                       (send self :_make_instance_LINK1_geom0))))
       (dolist (g (cdr geom-lst)) (send (car geom-lst) :assoc g))
       (setq LINK1_lk
             (instance bodyset-link
                       :init (make-cascoords)
                       :bodies geom-lst
                       :name "LINK1"))
       ;; inertial parameter for LINK1_lk
       (let ((tmp-cds (make-coords :pos (float-vector 1.4210849999999999e-14 -1.2000000000000000e+01 -1.7500000000000000e+01))
                      ))
         (send LINK1_lk :weight 100.000)
         (setq (LINK1_lk . inertia-tensor)
               (m* (m* (send tmp-cds :worldrot) (matrix
                                                  (float-vector 3.2027079999999998e+04 1.2490010000000000e-12 -1.6075099999999997e-12)
                                                  (float-vector 1.2490010000000000e-12 2.0777080000000002e+04 -4.0144339999999998e-27)
                                                  (float-vector -1.6075099999999997e-12 -4.0144339999999998e-27 2.4787500000000000e+04))
                 ) (transpose (send tmp-cds :worldrot))))
         (setq (LINK1_lk . acentroid) (copy-seq (send tmp-cds :worldpos)))
         )
       ;; global coordinates for LINK1_lk
       (let ((world-cds (make-coords :pos (float-vector 1.5749999939103036e+01 -1.9000000000000000e+01 6.7000000000000000e+01)
                                   :rot (quaternion2matrix (float-vector 5.0000000000000000e-01 5.0000000160255165e-01 4.9999999839744835e-01 -5.0000000000000000e-01)))
                        ))
         (send LINK1_lk :transform world-cds))
       )

     ;; link: LINK2_lk
     (let ((geom-lst (list
                       (send self :_make_instance_LINK2_geom0))))
       (dolist (g (cdr geom-lst)) (send (car geom-lst) :assoc g))
       (setq LINK2_lk
             (instance bodyset-link
                       :init (make-cascoords)
                       :bodies geom-lst
                       :name "LINK2"))
       ;; inertial parameter for LINK2_lk
       (let ((tmp-cds (make-coords :pos (float-vector 1.0000000000000000e+01 -4.8069999999999995e+00 1.4800000000000001e+01))
                      ))
         (send LINK2_lk :weight 16.000)
         (setq (LINK2_lk . inertia-tensor)
               (m* (m* (send tmp-cds :worldrot) (matrix
                                                  (float-vector 3.0318310000000001e+03 1.6513279999999997e-13 1.4800929999999999e-12)
                                                  (float-vector 1.6513279999999997e-13 3.4095470000000000e+03 3.8602679999999999e-13)
                                                  (float-vector 1.4800929999999999e-12 3.8602679999999999e-13 4.1049510000000000e+03))
                 ) (transpose (send tmp-cds :worldrot))))
         (setq (LINK2_lk . acentroid) (copy-seq (send tmp-cds :worldpos)))
         )
       ;; global coordinates for LINK2_lk
       (let ((world-cds (make-coords :pos (float-vector 1.2000000000000000e+01 -5.3000000000000000e+01 3.0000000000000000e+01)
                                   :rot (quaternion2matrix (float-vector 5.0000000056554894e-01 4.9999999830127584e-01 5.0000000283189938e-01 -4.9999999830127584e-01)))
                        ))
         (send LINK2_lk :transform world-cds))
       )

     ;; link: LINK3_lk
     (let ((geom-lst (list
                       (send self :_make_instance_LINK3_geom0)
                       (send self :_make_instance_LINK3_geom1)
                       (send self :_make_instance_LINK3_geom2))))
       (dolist (g (cdr geom-lst)) (send (car geom-lst) :assoc g))
       (setq LINK3_lk
             (instance bodyset-link
                       :init (make-cascoords)
                       :bodies geom-lst
                       :name "LINK3"))
       ;; inertial parameter for LINK3_lk
       (let ((tmp-cds (make-coords :pos (float-vector 7.0100000000000007e-01 -3.7671000000000006e+01 -1.8298999999999999e+01))
                      ))
         (send LINK3_lk :weight 214.000)
         (setq (LINK3_lk . inertia-tensor)
               (m* (m* (send tmp-cds :worldrot) (matrix
                                                  (float-vector 1.9300000000000000e+05 3.9119160000000006e+03 1.0514020000000001e+02)
                                                  (float-vector 3.9119160000000006e+03 4.4305709999999999e+04 -3.8505839999999994e+03)
                                                  (float-vector 1.0514020000000001e+02 -3.8505839999999994e+03 1.9200000000000000e+05))
                 ) (transpose (send tmp-cds :worldrot))))
         (setq (LINK3_lk . acentroid) (copy-seq (send tmp-cds :worldpos)))
         )
       ;; global coordinates for LINK3_lk
       (let ((world-cds (make-coords :pos (float-vector -6.9999998290089511e+00 -8.1500000106439529e+01 1.9999999978469667e+01)
                                   :rot (quaternion2matrix (float-vector 5.0000000351607454e-01 4.9999999887305119e-01 -4.9999999659632532e-01 -5.0000000101454900e-01)))
                        ))
         (send LINK3_lk :transform world-cds))
       )

     ;; link: LINK4_lk
     (let ((geom-lst (list
                       (send self :_make_instance_LINK4_geom0)
                       (send self :_make_instance_LINK4_geom1)
                       (send self :_make_instance_LINK4_geom2))))
       (dolist (g (cdr geom-lst)) (send (car geom-lst) :assoc g))
       (setq LINK4_lk
             (instance bodyset-link
                       :init (make-cascoords)
                       :bodies geom-lst
                       :name "LINK4"))
       ;; inertial parameter for LINK4_lk
       (let ((tmp-cds (make-coords :pos (float-vector -6.1525289999999994e-14 4.9024999999999999e+01 -1.7837000000000000e+01))
                      ))
         (send LINK4_lk :weight 129.000)
         (setq (LINK4_lk . inertia-tensor)
               (m* (m* (send tmp-cds :worldrot) (matrix
                                                  (float-vector 6.3636709999999999e+04 9.0132409999999998e-11 1.5788959999999999e-11)
                                                  (float-vector 9.0132409999999998e-11 2.6351989999999998e+04 -1.1212210000000000e+03)
                                                  (float-vector 1.5788959999999999e-11 -1.1212210000000000e+03 5.6854049999999996e+04))
                 ) (transpose (send tmp-cds :worldrot))))
         (setq (LINK4_lk . acentroid) (copy-seq (send tmp-cds :worldpos)))
         )
       ;; global coordinates for LINK4_lk
       (let ((world-cds (make-coords :pos (float-vector 1.1999999575388369e+01 -1.0050000003268134e+02 -5.5750000189422835e+01)
                                   :rot (quaternion2matrix (float-vector -7.6213590993745584e-11 5.0893212299274871e-09 -7.0710677884071849e-01 7.0710678353237666e-01)))
                        ))
         (send LINK4_lk :transform world-cds))
       )

     ;; link: LINK5_lk
     (let ((geom-lst (list
                       (send self :_make_instance_LINK5_geom0)
                       (send self :_make_instance_LINK5_geom1)
                       (send self :_make_instance_LINK5_geom2))))
       (dolist (g (cdr geom-lst)) (send (car geom-lst) :assoc g))
       (setq LINK5_lk
             (instance bodyset-link
                       :init (make-cascoords)
                       :bodies geom-lst
                       :name "LINK5"))
       ;; inertial parameter for LINK5_lk
       (let ((tmp-cds (make-coords :pos (float-vector -1.0340000000000000e+00 4.5839999999999996e+01 -2.0028000000000002e+01))
                      ))
         (send LINK5_lk :weight 145.000)
         (setq (LINK5_lk . inertia-tensor)
               (m* (m* (send tmp-cds :worldrot) (matrix
                                                  (float-vector 1.0000000000000000e+05 -5.3844830000000002e+02 7.5413790000000006e+02)
                                                  (float-vector -5.3844830000000002e+02 5.0409900000000001e+04 1.6895890000000003e+04)
                                                  (float-vector 7.5413790000000006e+02 1.6895890000000003e+04 8.9174850000000006e+04))
                 ) (transpose (send tmp-cds :worldrot))))
         (setq (LINK5_lk . acentroid) (copy-seq (send tmp-cds :worldpos)))
         )
       ;; global coordinates for LINK5_lk
       (let ((world-cds (make-coords :pos (float-vector 1.1999999089750442e+01 -1.0050000048717929e+02 -1.2425000018942283e+02)
                                   :rot (quaternion2matrix (float-vector -7.6213590993745584e-11 5.0893212299274871e-09 -7.0710677884071849e-01 7.0710678353237666e-01)))
                        ))
         (send LINK5_lk :transform world-cds))
       )

     ;; link: LINK6_lk
     (let ((geom-lst (list
                       (send self :_make_instance_LINK6_geom0))))
       (dolist (g (cdr geom-lst)) (send (car geom-lst) :assoc g))
       (setq LINK6_lk
             (instance bodyset-link
                       :init (make-cascoords)
                       :bodies geom-lst
                       :name "LINK6"))
       ;; inertial parameter for LINK6_lk
       (let ((tmp-cds (make-coords :pos (float-vector -2.3397000000000002e+01 1.8541999999999998e+01 -1.9000000000000000e+01))
                      ))
         (send LINK6_lk :weight 35.000)
         (setq (LINK6_lk . inertia-tensor)
               (m* (m* (send tmp-cds :worldrot) (matrix
                                                  (float-vector 1.6434930000000000e+04 8.1395000000000018e+03 9.6787199999999986e-12)
                                                  (float-vector 8.1395000000000018e+03 2.5833620000000003e+04 -2.9626380000000000e-12)
                                                  (float-vector 9.6787199999999986e-12 -2.9626380000000000e-12 2.5258559999999998e+04))
                 ) (transpose (send tmp-cds :worldrot))))
         (setq (LINK6_lk . acentroid) (copy-seq (send tmp-cds :worldpos)))
         )
       ;; global coordinates for LINK6_lk
       (let ((world-cds (make-coords :pos (float-vector 3.0999998768299132e+01 -9.7500000628710112e+01 -1.6650000034403035e+02)
                                   :rot (quaternion2matrix (float-vector -1.3701134116139713e-09 7.0710678482627654e-01 6.0617716401978328e-09 7.0710677754681850e-01)))
                        ))
         (send LINK6_lk :transform world-cds))
       )

     ;; link: LINK7_lk
     (let ((geom-lst (list
                       (send self :_make_instance_LINK7_geom0))))
       (dolist (g (cdr geom-lst)) (send (car geom-lst) :assoc g))
       (setq LINK7_lk
             (instance bodyset-link
                       :init (make-cascoords)
                       :bodies geom-lst
                       :name "LINK7"))
       ;; inertial parameter for LINK7_lk
       (let ((tmp-cds (make-coords :pos (float-vector -1.0000000000000000e+01 4.8069999999999995e+00 1.4800000000000001e+01))
                      ))
         (send LINK7_lk :weight 16.000)
         (setq (LINK7_lk . inertia-tensor)
               (m* (m* (send tmp-cds :worldrot) (matrix
                                                  (float-vector 3.0318310000000001e+03 1.0378360000000000e-13 -1.4742850000000001e-12)
                                                  (float-vector 1.0378360000000000e-13 3.4095470000000000e+03 -1.5441070000000000e-13)
                                                  (float-vector -1.4742850000000001e-12 -1.5441070000000000e-13 4.1049510000000000e+03))
                 ) (transpose (send tmp-cds :worldrot))))
         (setq (LINK7_lk . acentroid) (copy-seq (send tmp-cds :worldpos)))
         )
       ;; global coordinates for LINK7_lk
       (let ((world-cds (make-coords :pos (float-vector 1.2000000000000000e+01 5.3000000000000000e+01 3.0000000000000000e+01)
                                   :rot (quaternion2matrix (float-vector 5.0000000056554894e-01 -4.9999999830127584e-01 -5.0000000283189938e-01 -4.9999999830127584e-01)))
                        ))
         (send LINK7_lk :transform world-cds))
       )

     ;; link: LINK8_lk
     (let ((geom-lst (list
                       (send self :_make_instance_LINK8_geom0)
                       (send self :_make_instance_LINK8_geom1)
                       (send self :_make_instance_LINK8_geom2))))
       (dolist (g (cdr geom-lst)) (send (car geom-lst) :assoc g))
       (setq LINK8_lk
             (instance bodyset-link
                       :init (make-cascoords)
                       :bodies geom-lst
                       :name "LINK8"))
       ;; inertial parameter for LINK8_lk
       (let ((tmp-cds (make-coords :pos (float-vector 7.0100000000000007e-01 -3.7671000000000006e+01 -1.8298999999999999e+01))
                      ))
         (send LINK8_lk :weight 214.000)
         (setq (LINK8_lk . inertia-tensor)
               (m* (m* (send tmp-cds :worldrot) (matrix
                                                  (float-vector 1.9300000000000000e+05 3.9119160000000006e+03 1.0514020000000001e+02)
                                                  (float-vector 3.9119160000000006e+03 4.4305709999999999e+04 -3.8505839999999994e+03)
                                                  (float-vector 1.0514020000000001e+02 -3.8505839999999994e+03 1.9200000000000000e+05))
                 ) (transpose (send tmp-cds :worldrot))))
         (setq (LINK8_lk . acentroid) (copy-seq (send tmp-cds :worldpos)))
         )
       ;; global coordinates for LINK8_lk
       (let ((world-cds (make-coords :pos (float-vector 3.0999999829008953e+01 8.1500000106439529e+01 1.9999999978469667e+01)
                                   :rot (quaternion2matrix (float-vector 4.9999999862408351e-01 4.9999999775183313e-01 5.0000000092264640e-01 5.0000000270143685e-01)))
                        ))
         (send LINK8_lk :transform world-cds))
       )

     ;; link: LINK9_lk
     (let ((geom-lst (list
                       (send self :_make_instance_LINK9_geom0)
                       (send self :_make_instance_LINK9_geom1)
                       (send self :_make_instance_LINK9_geom2))))
       (dolist (g (cdr geom-lst)) (send (car geom-lst) :assoc g))
       (setq LINK9_lk
             (instance bodyset-link
                       :init (make-cascoords)
                       :bodies geom-lst
                       :name "LINK9"))
       ;; inertial parameter for LINK9_lk
       (let ((tmp-cds (make-coords :pos (float-vector -6.4871450000000009e-14 4.9024999999999999e+01 -1.7837000000000000e+01))
                      ))
         (send LINK9_lk :weight 129.000)
         (setq (LINK9_lk . inertia-tensor)
               (m* (m* (send tmp-cds :worldrot) (matrix
                                                  (float-vector 6.3636709999999999e+04 9.0983099999999985e-11 1.4533940000000000e-11)
                                                  (float-vector 9.0983099999999985e-11 2.6351989999999998e+04 -1.1212210000000000e+03)
                                                  (float-vector 1.4533940000000000e-11 -1.1212210000000000e+03 5.6854049999999996e+04))
                 ) (transpose (send tmp-cds :worldrot))))
         (setq (LINK9_lk . acentroid) (copy-seq (send tmp-cds :worldpos)))
         )
       ;; global coordinates for LINK9_lk
       (let ((world-cds (make-coords :pos (float-vector 1.1999999892110129e+01 1.0050000003739477e+02 -5.5750000054675859e+01)
                                   :rot (quaternion2matrix (float-vector -7.0710678377340819e-01 7.0710677859968674e-01 4.5177231955406683e-09 -2.8631518956070673e-09)))
                        ))
         (send LINK9_lk :transform world-cds))
       )

     ;; link: LINK10_lk
     (let ((geom-lst (list
                       (send self :_make_instance_LINK10_geom0)
                       (send self :_make_instance_LINK10_geom1)
                       (send self :_make_instance_LINK10_geom2))))
       (dolist (g (cdr geom-lst)) (send (car geom-lst) :assoc g))
       (setq LINK10_lk
             (instance bodyset-link
                       :init (make-cascoords)
                       :bodies geom-lst
                       :name "LINK10"))
       ;; inertial parameter for LINK10_lk
       (let ((tmp-cds (make-coords :pos (float-vector -1.0340000000000000e+00 4.5839999999999996e+01 -2.0028000000000002e+01))
                      ))
         (send LINK10_lk :weight 145.000)
         (setq (LINK10_lk . inertia-tensor)
               (m* (m* (send tmp-cds :worldrot) (matrix
                                                  (float-vector 1.0000000000000000e+05 -5.3844830000000002e+02 7.5413790000000006e+02)
                                                  (float-vector -5.3844830000000002e+02 5.0409900000000001e+04 1.6895890000000003e+04)
                                                  (float-vector 7.5413790000000006e+02 1.6895890000000003e+04 8.9174850000000006e+04))
                 ) (transpose (send tmp-cds :worldrot))))
         (setq (LINK10_lk . acentroid) (copy-seq (send tmp-cds :worldpos)))
         )
       ;; global coordinates for LINK10_lk
       (let ((world-cds (make-coords :pos (float-vector 1.2000000052394453e+01 1.0050000053859195e+02 -1.2425000005467587e+02)
                                   :rot (quaternion2matrix (float-vector -7.0710678377340819e-01 7.0710677859968674e-01 4.5177231955406683e-09 -2.8631518956070673e-09)))
                        ))
         (send LINK10_lk :transform world-cds))
       )

     ;; link: LINK11_lk
     (let ((geom-lst (list
                       (send self :_make_instance_LINK11_geom0))))
       (dolist (g (cdr geom-lst)) (send (car geom-lst) :assoc g))
       (setq LINK11_lk
             (instance bodyset-link
                       :init (make-cascoords)
                       :bodies geom-lst
                       :name "LINK11"))
       ;; inertial parameter for LINK11_lk
       (let ((tmp-cds (make-coords :pos (float-vector -2.3397000000000002e+01 1.8541999999999998e+01 -1.9000000000000000e+01))
                      ))
         (send LINK11_lk :weight 35.000)
         (setq (LINK11_lk . inertia-tensor)
               (m* (m* (send tmp-cds :worldrot) (matrix
                                                  (float-vector 1.6434930000000000e+04 8.1395000000000018e+03 2.9853490000000002e-12)
                                                  (float-vector 8.1395000000000018e+03 2.5833620000000003e+04 -6.3997879999999998e-12)
                                                  (float-vector 2.9853490000000002e-12 -6.3997879999999998e-12 2.5258559999999998e+04))
                 ) (transpose (send tmp-cds :worldrot))))
         (setq (LINK11_lk . acentroid) (copy-seq (send tmp-cds :worldpos)))
         )
       ;; global coordinates for LINK11_lk
       (let ((world-cds (make-coords :pos (float-vector -6.9999998174296447e+00 9.7500000649399979e+01 -1.6650000012108453e+02)
                                   :rot (quaternion2matrix (float-vector -7.0710677922608667e-01 -7.4104734406043361e-09 7.0710678314700814e-01 -2.2367519246594352e-09)))
                        ))
         (send LINK11_lk :transform world-cds))
       )

     ;; link: LINK12_lk
     (let ((geom-lst (list
                       (send self :_make_instance_LINK12_geom0))))
       (dolist (g (cdr geom-lst)) (send (car geom-lst) :assoc g))
       (setq LINK12_lk
             (instance bodyset-link
                       :init (make-cascoords)
                       :bodies geom-lst
                       :name "LINK12"))
       ;; inertial parameter for LINK12_lk
       (let ((tmp-cds (make-coords :pos (float-vector -2.8421710000000002e-14 -1.7763569999999997e-15 1.4550000000000001e+01))
                      ))
         (send LINK12_lk :weight 15.000)
         (setq (LINK12_lk . inertia-tensor)
               (m* (m* (send tmp-cds :worldrot) (matrix
                                                  (float-vector 1.9697629999999997e+03 -7.4736400000000005e-13 -1.4734740000000001e-12)
                                                  (float-vector -7.4736400000000005e-13 3.1597629999999999e+03 4.9048430000000002e-14)
                                                  (float-vector -1.4734740000000001e-12 4.9048430000000002e-14 3.0125000000000000e+03))
                 ) (transpose (send tmp-cds :worldrot))))
         (setq (LINK12_lk . acentroid) (copy-seq (send tmp-cds :worldpos)))
         )
       ;; global coordinates for LINK12_lk
       (let ((world-cds (make-coords :pos (float-vector 1.2000000000000000e+01 -3.3000000000000000e+01 -4.5000000000000000e+01)
                                   :rot (quaternion2matrix (float-vector 1.2691834951946709e-09 7.0710678005337235e-01 7.0710678231972268e-01 1.2691834992625352e-09)))
                        ))
         (send LINK12_lk :transform world-cds))
       )

     ;; link: LINK13_lk
     (let ((geom-lst (list
                       (send self :_make_instance_LINK13_geom0)
                       (send self :_make_instance_LINK13_geom1)
                       (send self :_make_instance_LINK13_geom2)
                       (send self :_make_instance_LINK13_geom3))))
       (dolist (g (cdr geom-lst)) (send (car geom-lst) :assoc g))
       (setq LINK13_lk
             (instance bodyset-link
                       :init (make-cascoords)
                       :bodies geom-lst
                       :name "LINK13"))
       ;; inertial parameter for LINK13_lk
       (let ((tmp-cds (make-coords :pos (float-vector -6.5799999999999992e-01 -1.2202000000000000e+01 3.8069999999999999e+00))
                      ))
         (send LINK13_lk :weight 228.000)
         (setq (LINK13_lk . inertia-tensor)
               (m* (m* (send tmp-cds :worldrot) (matrix
                                                  (float-vector 1.5300000000000000e+05 3.0263160000000003e+01 2.5190130000000004e+03)
                                                  (float-vector 3.0263160000000003e+01 1.3600000000000000e+05 -8.8005259999999998e+02)
                                                  (float-vector 2.5190130000000004e+03 -8.8005259999999998e+02 6.2313529999999992e+04))
                 ) (transpose (send tmp-cds :worldrot))))
         (setq (LINK13_lk . acentroid) (copy-seq (send tmp-cds :worldpos)))
         )
       ;; global coordinates for LINK13_lk
       (let ((world-cds (make-coords :pos (float-vector -8.4999998994857968e+00 -3.3000000065704626e+01 -7.3000000073590755e+01)
                                   :rot (quaternion2matrix (float-vector 5.0000000089744823e-01 4.9999999750000002e-01 4.9999999910255172e-01 5.0000000249999987e-01)))
                        ))
         (send LINK13_lk :transform world-cds))
       )

     ;; link: LINK14_lk
     (let ((geom-lst (list
                       (send self :_make_instance_LINK14_geom0)
                       (send self :_make_instance_LINK14_geom1)
                       (send self :_make_instance_LINK14_geom2))))
       (dolist (g (cdr geom-lst)) (send (car geom-lst) :assoc g))
       (setq LINK14_lk
             (instance bodyset-link
                       :init (make-cascoords)
                       :bodies geom-lst
                       :name "LINK14"))
       ;; inertial parameter for LINK14_lk
       (let ((tmp-cds (make-coords :pos (float-vector 1.9709610000000001e-13 -7.2682999999999993e+01 -1.7881000000000000e+01))
                      ))
         (send LINK14_lk :weight 134.000)
         (setq (LINK14_lk . inertia-tensor)
               (m* (m* (send tmp-cds :worldrot) (matrix
                                                  (float-vector 9.5820419999999998e+04 2.4640700000000001e-10 -1.6847290000000001e-11)
                                                  (float-vector 2.4640700000000001e-10 2.7362669999999998e+04 1.6225750000000000e+03)
                                                  (float-vector -1.6847290000000001e-11 1.6225750000000000e+03 8.9427920000000013e+04))
                 ) (transpose (send tmp-cds :worldrot))))
         (setq (LINK14_lk . acentroid) (copy-seq (send tmp-cds :worldpos)))
         )
       ;; global coordinates for LINK14_lk
       (let ((world-cds (make-coords :pos (float-vector 1.2100000161411172e+01 -5.1999999999679495e+01 -7.2999999933615882e+01)
                                   :rot (quaternion2matrix (float-vector 7.0710678118654746e-01 7.0710678118654746e-01 -7.4607059164571898e-10 2.0207648887549112e-09)))
                        ))
         (send LINK14_lk :transform world-cds))
       )

     ;; link: LINK15_lk
     (let ((geom-lst (list
                       (send self :_make_instance_LINK15_geom0)
                       (send self :_make_instance_LINK15_geom1))))
       (dolist (g (cdr geom-lst)) (send (car geom-lst) :assoc g))
       (setq LINK15_lk
             (instance bodyset-link
                       :init (make-cascoords)
                       :bodies geom-lst
                       :name "LINK15"))
       ;; inertial parameter for LINK15_lk
       (let ((tmp-cds (make-coords :pos (float-vector 2.9436770000000000e-14 3.7792999999999999e+01 -1.9000000000000000e+01))
                      ))
         (send LINK15_lk :weight 35.000)
         (setq (LINK15_lk . inertia-tensor)
               (m* (m* (send tmp-cds :worldrot) (matrix
                                                  (float-vector 2.3985200000000001e+04 -2.3450209999999999e-11 -4.2607390000000001e-12)
                                                  (float-vector -2.3450209999999999e-11 7.0291670000000004e+03 1.7898350000000001e-12)
                                                  (float-vector -4.2607390000000001e-12 1.7898350000000001e-12 2.6761870000000003e+04))
                 ) (transpose (send tmp-cds :worldrot))))
         (setq (LINK15_lk . acentroid) (copy-seq (send tmp-cds :worldpos)))
         )
       ;; global coordinates for LINK15_lk
       (let ((world-cds (make-coords :pos (float-vector 1.2100000535092764e+01 -5.1999999999679495e+01 -1.6849999993361590e+02)
                                   :rot (quaternion2matrix (float-vector 3.2899483859835140e-09 2.0152540888743220e-09 7.0710678118654746e-01 -7.0710678118654746e-01)))
                        ))
         (send LINK15_lk :transform world-cds))
       )

     ;; link: LINK16_lk
     (let ((geom-lst (list
                       (send self :_make_instance_LINK16_geom0)
                       (send self :_make_instance_LINK16_geom1)
                       (send self :_make_instance_LINK16_geom2)
                       (send self :_make_instance_LINK16_geom3))))
       (dolist (g (cdr geom-lst)) (send (car geom-lst) :assoc g))
       (setq LINK16_lk
             (instance bodyset-link
                       :init (make-cascoords)
                       :bodies geom-lst
                       :name "LINK16"))
       ;; inertial parameter for LINK16_lk
       (let ((tmp-cds (make-coords :pos (float-vector 1.6792999999999999e+01 -1.2202000000000000e+01 -1.8342000000000002e+01))
                      ))
         (send LINK16_lk :weight 228.000)
         (setq (LINK16_lk . inertia-tensor)
               (m* (m* (send tmp-cds :worldrot) (matrix
                                                  (float-vector 6.2313529999999992e+04 8.8005259999999998e+02 2.5190130000000004e+03)
                                                  (float-vector 8.8005259999999998e+02 1.3600000000000000e+05 -3.0263160000000003e+01)
                                                  (float-vector 2.5190130000000004e+03 -3.0263160000000003e+01 1.5300000000000000e+05))
                 ) (transpose (send tmp-cds :worldrot))))
         (setq (LINK16_lk . acentroid) (copy-seq (send tmp-cds :worldpos)))
         )
       ;; global coordinates for LINK16_lk
       (let ((world-cds (make-coords :pos (float-vector 1.2100001157815976e+01 -5.1999999999679495e+01 -2.5149999993361587e+02)
                                   :rot (quaternion2matrix (float-vector 3.2899483859835140e-09 2.0152540888743220e-09 7.0710678118654746e-01 -7.0710678118654746e-01)))
                        ))
         (send LINK16_lk :transform world-cds))
       )

     ;; link: LINK17_lk
     (let ((geom-lst (list
                       (send self :_make_instance_LINK17_geom0)
                       (send self :_make_instance_LINK17_geom1))))
       (dolist (g (cdr geom-lst)) (send (car geom-lst) :assoc g))
       (setq LINK17_lk
             (instance bodyset-link
                       :init (make-cascoords)
                       :bodies geom-lst
                       :name "LINK17"))
       ;; inertial parameter for LINK17_lk
       (let ((tmp-cds (make-coords :pos (float-vector 3.7500000000000000e+00 2.3794000000000000e+01 2.0500000000000000e+01))
                      ))
         (send LINK17_lk :weight 40.000)
